4.345331105159745688e-02
4.571361660604647548e-02
4.808558575261800971e-02
5.057410803007318656e-02
5.318422079073006903e-02
5.592110636217294262e-02
5.879008819387397666e-02
6.179662588776568821e-02
6.494630900764739034e-02
6.824484955875179115e-02
7.169807302600594845e-02
7.531190785767558071e-02
7.909237328038411230e-02
8.304556533216944647e-02
8.717764100251512716e-02
9.149480037241947139e-02
9.600326665380726210e-02
1.007092640362109853e-01
1.056189932599224113e-01
1.107386048490024005e-01
1.160741699548900052e-01
1.216316487820979508e-01
1.274168565918124829e-01
1.334354273072802799e-01
1.396927747767470751e-01
1.461940517854273536e-01
1.529441069474481996e-01
1.599474396517389374e-01
1.672081532821252103e-01
1.747299069809853389e-01
1.825158662771470819e-01
1.905686529514938887e-01
1.988902945670961153e-01
2.074821741435075306e-01
2.163449805059334818e-01
2.254786598879010284e-01
2.348823694093392367e-01
2.445544330890040696e-01
2.544923010793003204e-01
2.646925128310992359e-01
2.751506649044988539e-01
2.858613841371258069e-01
2.968183068631907173e-01
3.080140648430222949e-01
3.194402785134450307e-01
3.310875581037767690e-01
3.429455130804823781e-01
3.550027702862105228e-01
3.672470010271757790e-01
3.796649572382710947e-01
3.922425167201150642e-01
4.049647372991188043e-01
4.178159196137566367e-01
4.307796780810129733e-01
4.438390194502099817e-01
4.569764282109740616e-01
4.701739579918238765e-01
4.834133279694803886e-01
4.966760232099064476e-01
5.099433977832487086e-01
5.231967794386778170e-01
5.364175745933299488e-01
5.495873723831316005e-01
5.626880465424469735e-01
5.757018539236181676e-01
5.886115285352080395e-01
6.014003700670411678e-01
6.140523259782560972e-01
6.265520663483431507e-01
6.388850508269753314e-01
6.510375871625193600e-01
6.629968809375863525e-01
6.747510762889926683e-01
6.862892875354312805e-01
6.976016217756778603e-01
7.086791926503560601e-01
7.195141255787038670e-01
7.300995548865153451e-01
7.404296133310706018e-01
7.504994146025950608e-01
7.603050294392572628e-01
7.698434560340823296e-01
7.791125854379968851e-01
7.881111626744499166e-01
7.968387442788865682e-01
8.052956529622227189e-01
8.134829300729337076e-01
8.214022864991042949e-01
8.290560526114305606e-01
8.364471278023777323e-01
8.435789301270207874e-01
8.504553464989915712e-01
8.570806838417212026e-01
8.634596215419801934e-01
8.695971655005451106e-01
8.754986040245398282e-01
8.811694657582275214e-01
8.866154798043260898e-01
8.918425381466411617e-01
8.968566604471961412e-01
9.016639612572383555e-01
9.062706196515262214e-01
9.106828512691168553e-01
9.149068827213501232e-01
9.189489283087060034e-01
9.228151689724573004e-01
9.265117333943511113e-01
9.300446811476259512e-01
9.334199877952736868e-01
9.366435318263052201e-01
9.397210833176063982e-01
9.426582942075218963e-01
9.454606900673576675e-01
9.481336632582737511e-01
9.506824673633919032e-01
9.531122127881352935e-01
9.554278634256864189e-01
9.576342342888606307e-01
9.597359900144667444e-01
9.617376441512877072e-01
9.636435591480333462e-01
9.654579469629027688e-01
9.671848702216957472e-01
9.688282438566382382e-01
9.703918371632120898e-01
9.718792762172427935e-01
9.732940465992823142e-01
9.746394963779042575e-01
9.759188393078690460e-01
9.771351582032414829e-01
9.782914084494059859e-01
9.793904216215538749e-01
9.804349091806006111e-01
9.814274662206308175e-01
9.823705752448800288e-01
9.832666099499417500e-01
9.841178390003586518e-01
9.849264297780105926e-01
9.856944520927807263e-01
9.864238818428520128e-01
9.871166046146973017e-01
9.877744192143672608e-01
9.883990411230618722e-01
9.889921058712348723e-01
9.895551723265895161e-01
9.900897258923296862e-01
9.905971816129161001e-01
9.910788871853712934e-01
9.915361258748687234e-01
9.919701193339534040e-01
9.923820303252830488e-01
9.927729653482342265e-01
9.931439771701326968e-01
9.934960672632017209e-01
9.938301881486290013e-01
9.941472456493894994e-01
9.944481010536818655e-01
9.947335731909976442e-01
9.950044404229861916e-01
9.952614425513890417e-01
9.955052826453939518e-01
9.957366287908302471e-01
9.959561157636600548e-01
9.961643466302486649e-01
9.963618942769023601e-01
9.965493028711622792e-01
9.967270892573212304e-01
9.968957442886081655e-01
9.970557340984518291e-01
9.972075013131918020e-01
9.973514662085578575e-01
9.974880278121904809e-01
9.976175649544182233e-01
9.977404372694458345e-01
9.978569861490523829e-01
9.979675356508309614e-01
9.980723933629395139e-01
9.981718512272698129e-01
9.982661863228726729e-01
9.983556616114148685e-01
9.984405266463832751e-01
9.985210182476778051e-01
9.985973611431824271e-01
9.986697685788369361e-01
9.987384428986684215e-01
9.988035760961929688e-01
9.988653503385239718e-01
9.989239384644856834e-01
9.989795044579597993e-01
9.990322038976521268e-01
9.990821843844045480e-01
9.991295859471390761e-01
9.991745414284625149e-01
9.992171768509195973e-01
9.992576117648374057e-01
9.992959595786612415e-01
9.993323278726361503e-01
9.993668186966566669e-01
9.993995288530637122e-01
9.994305501651300494e-01
