2.703225656896350929e-02
3.039326330245464142e-02
3.415748426422771794e-02
3.836945730836312241e-02
4.307764550632706829e-02
4.833452148559211348e-02
5.419657479252008858e-02
6.072421820879355531e-02
6.798156526678574008e-02
7.603604782330242173e-02
8.495783988706462342e-02
9.481905251940320190e-02
1.056926652547626883e-01
1.176511629671775222e-01
1.307648543793815676e-01
1.450998604111575496e-01
1.607157780883673170e-01
1.776630492345946388e-01
1.959800924968830016e-01
2.156902913940175193e-01
2.367989678711119039e-01
2.592905068700894211e-01
2.831258280188180820e-01
3.082404201342960337e-01
3.345431570316876879e-01
3.619160941168214074e-01
3.902154014018638928e-01
4.192735201005295398e-01
4.489025410315346520e-01
4.788987020473447487e-01
5.090478003405090046e-01
5.391312271449351101e-01
5.689322697085412717e-01
5.982422979182741019e-01
6.268664648676848250e-01
6.546286001184070669e-01
6.813750538573140059e-01
7.069773479269909622e-01
7.313335924077457584e-01
7.543687214108802941e-01
7.760336791472900453e-01
7.963037412656176484e-01
8.151761851905310330e-01
8.326675286015043920e-01
8.488105416408863180e-01
8.636512115471731699e-01
8.772458039354109616e-01
8.896581279749504745e-01
9.009570771867270178e-01
9.112144861489671621e-01
9.205033175077467211e-01
9.288961738004815061e-01
9.364641144718032217e-01
9.432757494074534010e-01
9.493965754310329519e-01
9.548885205487012140e-01
9.598096613955169332e-01
9.642140815622149974e-01
9.681518416369521152e-01
9.716690354036865429e-01
9.748079103508436871e-01
9.776070342258903478e-01
9.801014926772643188e-01
9.823231059756890593e-01
9.843006553711785012e-01
9.860601118216687500e-01
9.876248616464450292e-01
9.890159251463853662e-01
9.902521654329017320e-01
9.913504856588919445e-01
9.923260135868789966e-01
9.931922729976246922e-01
9.939613418685460111e-01
9.946439975628379448e-01
9.952498494906834026e-01
9.957874598529189436e-01
9.962644531711452034e-01
9.966876153596763155e-01
9.970629831145007005e-01
9.973959243909770178e-01
9.976912107219881864e-01
9.979530820968439686e-01
9.981853050823906726e-01
9.983912248245409016e-01
9.985738115230653467e-01
9.987357019266552838e-01
9.988792363501566296e-01
9.990064916723411237e-01
9.991193107311657773e-01
9.992193284945187770e-01
9.993079953481551758e-01
9.993865978089464530e-01
9.994562769406963865e-01
9.995180447215321617e-01
9.995727985861594389e-01
9.996213343429164455e-01
9.996643576444466106e-01
9.997024941717294055e-01
9.997362986740621071e-01
9.997662629921418853e-01
